Families:8
Stages:2
Number of Machines at each Stage:
2	3	
Machines at each Stage:
1	1	2	
2	3	4	5	
Total number of machines:5
Number of Jobs in each Family:
6	3	6	5	9	5	10	6	
Jobs in each Family:
1	1	2	3	4	5	6	
2	7	8	9	
3	10	11	12	13	14	15	
4	16	17	18	19	20	
5	21	22	23	24	25	26	27	28	29	
6	30	31	32	33	34	
7	35	36	37	38	39	40	41	42	43	44	
8	45	46	47	48	49	50	
Total number of jobs:50
Processing times of jobs:
5	6	
1	5	
7	5	
6	3	
10	3	
1	10	
6	3	
4	1	
1	7	
6	1	
6	8	
7	7	
9	9	
2	8	
3	3	
6	8	
7	9	
4	5	
2	6	
2	2	
9	4	
7	8	
7	3	
2	3	
7	6	
10	10	
6	6	
6	2	
6	5	
9	3	
3	5	
2	10	
2	1	
4	4	
10	9	
5	6	
5	1	
8	9	
8	7	
8	1	
3	7	
8	9	
3	6	
8	7	
3	9	
6	8	
2	10	
3	3	
9	1	
2	9	
Setup times:
6	15	33	17	29	29	46	22	
11	50	47	16	22	27	21	23	
41	32	44	22	10	14	44	37	
25	44	28	17	39	34	49	27	
8	50	25	47	13	31	23	24	
18	50	26	10	31	35	28	30	
49	14	10	30	36	7	11	19	
23	38	43	9	48	32	50	42	
18	16	3	2	2	18	19	6	
49	5	48	35	49	27	16	5	
39	23	40	9	15	34	38	1	
4	11	25	1	5	39	43	12	
14	48	10	27	9	47	9	3	
8	23	4	31	45	42	3	12	
13	16	11	10	4	29	24	50	
11	20	32	41	44	16	44	19	
