Families:10
Stages:2
Number of Machines at each Stage:
1	2	
Machines at each Stage:
1	1	
2	2	3	
Total number of machines:3
Number of Jobs in each Family:
1	1	1	5	10	7	8	2	3	10	
Jobs in each Family:
1	1	
2	2	
3	3	
4	4	5	6	7	8	
5	9	10	11	12	13	14	15	16	17	18	
6	19	20	21	22	23	24	25	
7	26	27	28	29	30	31	32	33	
8	34	35	
9	36	37	38	
10	39	40	41	42	43	44	45	46	47	48	
Total number of jobs:48
Processing times of jobs:
7	9	
9	5	
8	10	
8	5	
2	10	
7	5	
10	7	
4	3	
4	2	
10	8	
7	5	
7	7	
10	7	
1	9	
8	2	
6	10	
3	3	
9	8	
2	5	
9	10	
1	2	
10	10	
7	6	
10	10	
9	9	
9	4	
4	6	
10	3	
7	8	
9	8	
4	10	
7	7	
10	1	
5	2	
2	1	
8	9	
3	9	
1	4	
10	7	
6	6	
5	1	
5	7	
2	10	
5	5	
1	7	
8	3	
5	2	
7	6	
Setup times:
44	19	11	13	26	48	34	18	30	49	
39	32	21	21	13	38	24	28	36	29	
20	2	41	29	36	13	1	9	41	5	
15	23	7	29	7	26	36	35	29	43	
5	16	7	10	1	21	5	10	43	5	
41	17	47	43	18	9	7	35	31	48	
20	10	23	15	47	48	21	24	5	7	
16	25	5	10	6	32	7	47	34	49	
18	5	14	47	30	44	33	30	35	11	
36	37	50	4	50	5	8	45	17	45	
50	43	36	31	35	49	28	43	8	3	
4	31	37	15	19	1	28	11	6	19	
36	9	39	34	43	13	48	36	20	22	
50	23	18	34	32	40	26	45	1	8	
34	22	6	17	41	5	25	37	2	32	
34	14	1	2	45	3	47	33	25	12	
27	19	15	30	48	37	7	46	3	37	
23	9	2	16	2	4	12	46	33	33	
39	12	41	43	17	47	48	31	35	24	
16	40	38	17	12	17	43	11	35	49	
