Families:8
Stages:4
Number of Machines at each Stage:
2	1	1	3	
Machines at each Stage:
1	1	2	
2	3	
3	4	
4	5	6	7	
Total number of machines:7
Number of Jobs in each Family:
6	7	1	7	6	4	5	10	
Jobs in each Family:
1	1	2	3	4	5	6	
2	7	8	9	10	11	12	13	
3	14	
4	15	16	17	18	19	20	21	
5	22	23	24	25	26	27	
6	28	29	30	31	
7	32	33	34	35	36	
8	37	38	39	40	41	42	43	44	45	46	
Total number of jobs:46
Processing times of jobs:
3	2	6	9	
5	5	4	9	
4	7	4	5	
6	4	4	1	
4	5	10	5	
7	10	5	3	
6	7	7	9	
10	4	3	2	
1	1	6	8	
2	3	7	1	
5	9	1	4	
3	9	2	2	
1	3	10	2	
8	7	4	9	
2	6	2	7	
10	3	4	3	
9	7	6	2	
7	4	7	3	
6	4	3	9	
10	5	9	5	
3	3	4	10	
10	1	4	10	
8	4	4	7	
5	9	6	10	
1	6	2	10	
5	8	2	10	
4	2	2	2	
3	8	4	1	
5	6	7	9	
7	2	7	5	
8	1	2	3	
1	9	9	7	
2	6	1	8	
6	3	10	8	
3	5	10	2	
2	1	9	5	
6	2	8	6	
9	6	1	2	
6	1	4	8	
4	10	8	7	
8	6	8	9	
9	2	10	5	
5	2	2	4	
2	8	5	7	
4	9	4	10	
2	1	8	7	
Setup times:
11	19	30	8	11	29	11	3	
38	12	41	42	32	6	36	7	
10	33	48	40	44	11	33	2	
6	41	15	9	49	8	41	4	
12	10	19	42	42	41	43	42	
15	1	31	43	8	25	32	14	
11	36	11	39	21	15	32	20	
38	41	9	29	41	46	31	38	
38	20	20	41	43	38	46	20	
14	4	39	3	3	15	32	25	
33	50	24	41	24	34	25	11	
13	25	38	42	8	34	39	46	
48	27	50	29	25	7	47	50	
48	13	37	10	31	46	3	48	
49	12	44	45	19	13	39	49	
24	12	29	13	45	32	23	43	
28	34	42	11	13	11	48	24	
27	41	35	32	4	47	30	14	
20	35	22	21	13	2	40	8	
11	15	35	5	19	21	48	21	
4	23	18	40	5	32	9	44	
21	37	25	47	8	24	12	35	
30	23	23	15	10	28	38	5	
38	7	16	10	36	6	46	33	
17	42	49	20	31	44	8	23	
33	23	23	43	50	26	4	22	
25	13	12	22	48	43	34	14	
16	33	39	40	48	37	40	11	
3	29	19	13	17	43	39	26	
40	5	37	26	17	35	47	17	
27	29	6	2	22	26	33	3	
43	39	35	45	33	15	44	32	
