Families:6
Stages:4
Number of Machines at each Stage:
3	1	2	2	
Machines at each Stage:
1	1	2	3	
2	4	
3	5	6	
4	7	8	
Total number of machines:8
Number of Jobs in each Family:
1	7	7	8	7	5	
Jobs in each Family:
1	1	
2	2	3	4	5	6	7	8	
3	9	10	11	12	13	14	15	
4	16	17	18	19	20	21	22	23	
5	24	25	26	27	28	29	30	
6	31	32	33	34	35	
Total number of jobs:35
Processing times of jobs:
10	2	9	4	
2	8	4	10	
7	8	7	1	
7	10	2	10	
7	8	8	5	
8	3	6	2	
7	7	5	10	
5	1	5	8	
4	10	5	9	
4	2	2	6	
10	5	10	7	
7	3	7	5	
8	2	2	4	
2	10	9	7	
7	3	2	5	
10	7	10	3	
5	10	4	9	
6	2	1	6	
10	2	8	3	
7	9	6	4	
7	1	4	3	
2	10	9	3	
7	5	6	10	
2	7	4	9	
7	3	6	2	
3	6	10	8	
3	9	1	1	
9	6	8	7	
3	9	5	7	
4	10	4	3	
9	6	3	7	
5	4	9	8	
9	1	5	3	
4	1	1	4	
8	1	1	8	
Setup times:
41	41	33	10	21	44	
10	42	12	46	1	46	
37	6	46	46	45	4	
48	40	41	34	47	4	
50	18	27	42	30	42	
21	26	18	24	9	37	
20	35	34	50	15	13	
13	30	43	31	13	37	
23	20	46	47	45	38	
36	34	8	25	11	38	
9	29	4	15	23	9	
38	21	36	22	15	47	
42	11	5	37	47	11	
4	45	35	31	49	6	
30	24	10	38	43	20	
14	43	14	28	39	21	
28	16	9	34	1	33	
23	26	20	11	22	31	
39	31	31	44	47	39	
30	16	39	11	35	18	
25	12	50	14	38	29	
40	42	45	38	4	34	
45	12	8	27	11	34	
2	37	48	44	50	19	
