Families:10
Stages:5
Number of Machines at each Stage:
3	2	2	3	1	
Machines at each Stage:
1	1	2	3	
2	4	5	
3	6	7	
4	8	9	10	
5	11	
Total number of machines:11
Number of Jobs in each Family:
4	9	2	6	5	2	6	5	3	7	
Jobs in each Family:
1	1	2	3	4	
2	5	6	7	8	9	10	11	12	13	
3	14	15	
4	16	17	18	19	20	21	
5	22	23	24	25	26	
6	27	28	
7	29	30	31	32	33	34	
8	35	36	37	38	39	
9	40	41	42	
10	43	44	45	46	47	48	49	
Total number of jobs:49
Processing times of jobs:
10	1	4	3	8	
6	4	7	2	9	
4	2	4	9	7	
2	6	2	10	9	
4	7	7	6	6	
5	1	2	10	8	
3	7	1	4	10	
2	8	7	4	7	
9	9	4	5	1	
4	9	2	2	6	
5	9	5	1	4	
7	7	5	10	6	
6	2	1	7	2	
10	9	2	8	4	
9	7	4	6	6	
7	5	7	10	10	
7	6	8	7	1	
8	8	8	8	4	
7	6	9	7	5	
5	8	1	4	10	
4	4	5	3	9	
7	2	5	9	7	
2	2	4	10	3	
10	7	7	9	7	
7	4	7	4	8	
7	7	8	9	6	
3	2	8	9	4	
5	3	1	10	2	
7	3	6	9	5	
2	2	6	7	1	
1	1	7	3	3	
6	6	10	2	2	
2	5	6	4	5	
5	10	7	2	4	
10	2	4	7	3	
2	2	8	7	3	
4	7	3	7	9	
10	4	3	7	5	
4	9	6	2	6	
4	6	7	4	1	
6	3	10	9	2	
8	6	1	9	7	
4	2	3	3	1	
6	5	7	10	7	
9	5	3	7	7	
8	4	1	3	6	
1	2	10	6	6	
3	7	10	2	7	
10	6	1	5	1	
Setup times:
3	7	23	9	16	31	29	3	45	24	
4	20	50	11	47	44	22	30	26	30	
31	24	1	44	19	1	27	21	28	3	
33	11	46	3	26	38	33	27	14	22	
5	24	21	16	33	43	14	40	29	3	
3	23	43	24	13	4	35	11	13	14	
14	21	45	40	5	45	38	3	4	17	
16	4	10	7	31	48	3	24	27	14	
12	46	35	2	34	34	21	28	49	18	
8	32	34	36	36	27	45	14	7	48	
2	3	43	3	8	1	44	16	20	26	
26	40	18	14	33	10	6	39	19	10	
4	13	9	45	12	29	16	26	16	47	
21	23	1	26	44	25	50	9	41	38	
35	22	14	28	35	49	47	44	8	44	
26	39	21	34	7	16	24	36	12	46	
50	46	40	23	21	44	41	11	46	8	
6	49	31	42	2	11	44	35	11	37	
6	26	2	22	30	31	14	7	21	36	
45	8	18	42	49	6	3	5	8	9	
37	33	39	2	44	28	38	41	15	27	
22	3	20	29	19	23	8	33	15	19	
42	2	1	39	20	7	46	20	16	18	
16	48	20	47	35	20	29	9	9	28	
39	5	17	27	46	18	36	11	22	36	
3	2	8	2	41	27	7	49	43	13	
44	39	9	38	7	34	19	35	29	44	
18	37	41	39	24	34	19	41	33	36	
30	45	44	38	6	41	35	22	39	10	
13	4	44	13	24	41	33	29	8	23	
44	9	44	12	10	27	41	3	39	32	
33	12	31	18	6	37	34	21	16	5	
25	7	29	16	36	23	28	23	11	24	
29	20	11	8	11	37	10	49	37	6	
15	12	46	24	12	29	49	8	6	15	
47	27	47	12	1	27	4	25	22	12	
29	1	49	11	47	43	48	37	6	5	
50	38	6	11	46	41	17	45	31	7	
22	8	42	20	20	4	17	32	34	20	
41	27	43	2	14	15	38	21	26	26	
17	45	4	20	37	7	11	31	45	33	
46	8	41	45	27	44	5	26	27	42	
11	36	5	50	36	17	4	7	19	37	
30	28	49	27	28	49	23	38	42	50	
40	46	44	44	1	49	17	12	29	5	
44	46	9	41	47	27	5	10	2	48	
36	39	16	4	7	37	28	24	35	27	
19	32	44	6	3	2	38	7	26	19	
6	40	41	26	36	20	3	3	2	42	
48	32	30	17	8	26	47	24	23	37	
