Families:
10
Stages:
4
Number of Machines at each Stage:
1	1	2	3	
Machines at each Stage:
1	1	
2	2	
3	3	4	
4	5	6	7	
Total number of machines:
7
Number of Jobs in each Family:
5	8	5	6	9	8	9	4	3	10	
Jobs in each Family:
1	1	2	3	4	5	
2	6	7	8	9	10	11	12	13	
3	14	15	16	17	18	
4	19	20	21	22	23	24	
5	25	26	27	28	29	30	31	32	33	
6	34	35	36	37	38	39	40	41	
7	42	43	44	45	46	47	48	49	50	
8	51	52	53	54	
9	55	56	57	
10	58	59	60	61	62	63	64	65	66	67	
Total number of jobs:
67
Processing times of jobs:
7	2	5	6	
8	3	3	8	
4	6	5	1	
1	8	3	7	
8	8	4	6	
10	6	5	6	
5	3	4	9	
6	10	2	6	
4	3	10	4	
7	9	3	6	
10	6	8	7	
7	2	7	7	
5	7	6	1	
4	1	2	3	
7	10	2	9	
10	7	8	5	
4	1	9	9	
4	6	6	5	
2	2	10	5	
4	5	5	6	
9	10	10	9	
8	2	10	2	
6	10	4	4	
3	10	7	7	
7	5	7	5	
10	7	9	10	
4	9	3	6	
10	5	1	2	
5	8	6	8	
8	6	4	9	
6	1	3	5	
3	3	5	10	
8	1	7	8	
10	8	2	9	
3	7	7	6	
2	6	5	4	
5	4	8	7	
2	6	10	3	
9	8	4	7	
4	4	3	2	
9	9	6	6	
10	7	5	1	
9	4	5	1	
8	6	8	8	
8	8	4	2	
7	4	6	5	
10	2	3	3	
4	8	4	1	
4	2	7	7	
8	5	10	9	
8	2	3	8	
4	9	7	5	
3	7	6	1	
9	5	5	3	
5	7	2	3	
9	3	10	8	
10	10	9	7	
5	7	10	8	
2	8	9	4	
5	9	8	1	
2	4	6	3	
1	3	4	2	
6	8	4	4	
6	10	7	10	
2	2	5	5	
6	10	4	10	
5	1	9	9	
Setup times:
16	9	18	40	45	11	43	48	38	24	
35	14	6	47	9	21	1	13	12	43	
28	17	34	1	45	36	22	24	29	10	
23	43	30	35	43	46	23	17	12	20	
15	20	17	41	30	42	29	4	12	36	
35	9	17	8	9	19	24	3	12	42	
50	41	45	23	49	7	48	18	2	28	
42	39	4	47	9	37	34	34	20	22	
30	11	3	47	2	8	25	32	26	25	
12	40	34	28	48	5	14	6	47	6	
18	38	47	29	10	16	24	20	45	11	
21	49	17	9	24	31	48	5	38	30	
7	21	42	27	7	31	38	47	11	24	
1	44	34	13	30	29	15	26	22	47	
37	7	37	7	41	27	17	32	28	46	
12	39	49	38	15	38	5	46	46	45	
21	38	31	43	31	8	30	28	32	11	
46	2	23	26	6	20	34	30	5	20	
49	37	42	2	40	34	2	37	38	37	
15	45	23	15	34	38	5	30	10	29	
39	1	26	7	37	19	2	11	27	3	
48	23	44	15	5	36	31	4	40	48	
12	7	24	32	19	25	43	17	9	50	
17	33	43	21	21	39	8	36	35	29	
39	6	22	19	15	31	33	1	49	13	
12	9	47	3	17	12	12	8	45	26	
36	17	18	1	20	14	48	6	18	24	
1	36	26	8	7	46	27	26	17	20	
16	7	43	22	7	8	6	19	6	49	
43	30	4	23	3	17	43	44	18	16	
42	3	41	38	42	43	28	32	47	35	
7	21	46	44	40	20	7	32	1	49	
5	23	8	26	6	6	14	44	45	33	
32	4	21	35	12	36	48	48	27	40	
49	36	1	15	18	50	40	14	3	23	
44	1	2	30	36	17	3	25	17	3	
2	47	46	42	27	36	42	10	31	25	
10	6	38	42	41	47	36	16	31	12	
38	15	7	29	5	6	31	36	21	39	
48	11	13	33	47	33	3	49	20	30	
