Families:
8
Stages:
3
Number of Machines at each Stage:
3	3	1	
Machines at each Stage:
1	1	2	3	
2	4	5	6	
3	7	
Total number of machines:
7
Number of Jobs in each Family:
1	7	7	8	1	9	10	3	
Jobs in each Family:
1	1	
2	2	3	4	5	6	7	8	
3	9	10	11	12	13	14	15	
4	16	17	18	19	20	21	22	23	
5	24	
6	25	26	27	28	29	30	31	32	33	
7	34	35	36	37	38	39	40	41	42	43	
8	44	45	46	
Total number of jobs:
46
Processing times of jobs:
2	4	3	
6	10	2	
8	4	5	
4	6	5	
2	5	4	
5	3	2	
10	7	7	
10	10	7	
9	9	10	
9	10	8	
8	4	9	
7	5	1	
7	4	6	
4	1	8	
3	9	8	
8	8	3	
6	6	9	
9	4	2	
1	1	3	
1	10	9	
10	3	6	
4	7	1	
2	5	1	
9	2	1	
7	1	7	
1	4	3	
7	1	9	
9	3	1	
2	5	3	
7	9	2	
5	4	10	
9	10	9	
6	2	7	
7	2	9	
7	6	8	
1	5	1	
9	10	1	
3	7	10	
10	5	5	
6	7	3	
9	10	2	
3	2	9	
10	3	8	
9	4	7	
5	8	1	
8	9	4	
Setup times:
47	31	18	11	40	9	38	13	
45	30	10	36	50	33	47	18	
32	33	26	7	36	13	12	30	
23	14	29	8	10	14	16	14	
25	20	16	20	6	15	23	26	
13	9	5	21	19	21	22	20	
41	3	32	42	19	41	9	43	
43	47	20	2	28	31	27	39	
3	1	11	43	39	38	6	50	
27	11	26	42	15	44	44	1	
45	26	12	46	18	21	24	39	
23	29	42	30	21	38	14	47	
14	16	21	40	41	19	4	1	
41	4	20	42	50	41	5	48	
44	2	48	6	20	22	27	40	
31	7	34	42	50	22	11	35	
29	39	46	38	13	50	48	44	
4	32	30	5	18	2	45	21	
2	13	28	36	5	1	1	33	
21	12	27	25	22	3	39	47	
15	44	6	44	42	11	5	15	
46	7	24	31	7	48	21	19	
35	49	14	28	44	31	42	31	
16	26	35	20	8	27	46	18	
