Families:
6
Stages:
5
Number of Machines at each Stage:
1	3	1	1	3	
Machines at each Stage:
1	1	
2	2	3	4	
3	5	
4	6	
5	7	8	9	
Total number of machines:
9
Number of Jobs in each Family:
3	6	9	8	5	6	
Jobs in each Family:
1	1	2	3	
2	4	5	6	7	8	9	
3	10	11	12	13	14	15	16	17	18	
4	19	20	21	22	23	24	25	26	
5	27	28	29	30	31	
6	32	33	34	35	36	37	
Total number of jobs:
37
Processing times of jobs:
9	9	1	5	8	
4	6	10	7	9	
4	9	3	10	4	
3	10	6	8	5	
3	1	7	1	8	
2	5	5	4	7	
1	3	10	2	7	
4	2	4	10	10	
8	7	1	8	10	
9	3	9	2	9	
3	1	10	10	4	
6	3	1	8	8	
9	10	10	2	9	
3	6	3	9	9	
9	5	10	4	8	
10	6	10	6	5	
6	1	3	10	6	
4	4	6	4	4	
3	6	2	5	9	
10	4	5	1	7	
8	3	4	1	3	
3	7	9	2	10	
9	2	1	9	3	
8	8	3	8	7	
4	9	3	9	10	
3	1	2	2	7	
7	1	1	5	1	
10	1	10	8	2	
5	5	1	9	6	
1	4	3	7	4	
1	3	6	1	2	
3	7	5	2	8	
10	8	8	9	10	
9	1	9	5	2	
8	8	4	2	3	
9	7	6	4	1	
7	9	6	4	4	
Setup times:
48	36	22	39	6	24	
50	22	48	40	49	41	
27	5	28	42	38	16	
21	3	3	18	30	19	
45	24	27	32	2	29	
49	22	46	36	37	36	
10	13	13	20	46	3	
3	2	23	45	33	3	
20	45	48	46	26	41	
14	44	23	37	29	32	
1	35	27	20	8	26	
28	36	25	7	49	40	
48	39	2	18	40	19	
1	32	15	8	10	29	
49	34	8	30	1	3	
4	12	35	26	5	9	
7	3	27	44	37	25	
3	30	42	36	49	28	
2	21	32	11	23	19	
48	38	14	17	25	49	
34	27	40	34	47	30	
12	8	17	13	40	34	
1	30	23	32	17	6	
12	30	4	3	46	49	
16	10	47	9	19	49	
2	11	6	18	15	22	
1	17	6	39	12	15	
4	31	14	1	21	28	
29	12	4	26	24	24	
28	49	44	22	18	35	
