Families:
10
Stages:
3
Number of Machines at each Stage:
2	2	2	
Machines at each Stage:
1	1	2	
2	3	4	
3	5	6	
Total number of machines:
6
Number of Jobs in each Family:
10	8	4	6	5	10	10	9	2	3	
Jobs in each Family:
1	1	2	3	4	5	6	7	8	9	10	
2	11	12	13	14	15	16	17	18	
3	19	20	21	22	
4	23	24	25	26	27	28	
5	29	30	31	32	33	
6	34	35	36	37	38	39	40	41	42	43	
7	44	45	46	47	48	49	50	51	52	53	
8	54	55	56	57	58	59	60	61	62	
9	63	64	
10	65	66	67	
Total number of jobs:
67
Processing times of jobs:
4	7	6	
9	2	3	
3	3	3	
10	3	8	
4	1	5	
5	8	3	
9	4	6	
5	7	10	
7	1	9	
3	6	6	
9	8	1	
2	5	9	
1	5	3	
7	4	2	
7	1	9	
1	1	5	
3	8	3	
5	8	6	
10	9	9	
5	4	4	
2	9	10	
8	5	5	
3	5	10	
6	9	3	
10	2	1	
5	8	7	
10	10	2	
7	7	2	
7	5	5	
6	9	10	
3	5	4	
9	5	7	
1	6	7	
3	2	3	
9	6	2	
8	7	8	
9	5	4	
9	10	5	
5	3	5	
7	9	2	
6	3	9	
9	3	8	
5	3	9	
3	4	7	
9	7	3	
2	3	9	
2	6	5	
9	7	5	
8	3	5	
6	2	4	
10	4	3	
7	8	2	
7	6	5	
3	10	7	
2	6	1	
5	3	10	
6	1	10	
5	7	2	
4	9	5	
9	2	5	
9	3	1	
5	9	4	
2	5	9	
1	4	9	
6	6	8	
2	8	1	
8	10	4	
Setup times:
29	9	7	6	40	5	15	29	46	31	
30	49	2	29	29	41	2	31	2	45	
35	16	43	30	43	25	43	5	36	42	
15	49	1	41	3	18	18	7	10	4	
44	31	23	22	18	32	34	11	20	18	
31	10	2	11	31	2	2	44	49	47	
13	42	44	11	32	45	36	11	16	26	
22	2	44	21	31	22	25	41	43	49	
46	31	41	44	39	38	32	48	31	5	
6	10	9	19	34	24	36	39	30	28	
30	22	3	40	16	49	4	26	27	17	
31	25	12	7	40	20	6	19	9	24	
3	35	8	17	46	19	49	28	17	50	
5	17	26	4	5	35	4	31	39	50	
26	20	8	2	10	8	34	19	16	18	
5	4	39	39	13	50	34	36	46	32	
24	38	9	2	23	29	41	44	2	26	
1	14	21	30	38	26	48	23	15	24	
2	46	3	28	45	15	12	12	30	30	
28	39	3	16	7	7	20	47	44	35	
43	23	1	3	11	19	16	30	32	17	
42	49	10	19	25	24	30	39	25	40	
42	32	41	49	13	19	42	42	20	39	
49	32	36	7	43	16	17	48	49	3	
9	24	10	37	27	33	23	29	29	36	
14	39	43	2	24	36	5	41	6	20	
17	33	6	19	25	47	49	43	5	16	
42	37	2	45	19	49	25	39	6	17	
19	39	6	1	8	22	12	42	43	20	
31	6	4	41	45	49	1	36	16	47	
