Families:
8
Stages:
5
Number of Machines at each Stage:
2	3	2	1	2	
Machines at each Stage:
1	1	2	
2	3	4	5	
3	6	7	
4	8	
5	9	10	
Total number of machines:
10
Number of Jobs in each Family:
2	9	7	3	1	9	1	3	
Jobs in each Family:
1	1	2	
2	3	4	5	6	7	8	9	10	11	
3	12	13	14	15	16	17	18	
4	19	20	21	
5	22	
6	23	24	25	26	27	28	29	30	31	
7	32	
8	33	34	35	
Total number of jobs:
35
Processing times of jobs:
7	7	1	2	7	
5	9	5	1	7	
8	5	9	9	1	
5	1	3	9	5	
5	7	3	4	5	
7	6	2	7	3	
4	1	10	1	9	
2	3	7	3	3	
7	4	2	10	2	
2	9	6	1	5	
6	10	1	4	4	
6	4	5	7	9	
7	6	10	8	6	
1	10	7	10	4	
5	5	4	2	10	
7	2	10	8	10	
4	10	4	7	5	
10	8	5	4	7	
7	9	6	3	6	
5	10	8	10	6	
5	9	1	9	10	
5	5	6	1	1	
10	7	3	8	9	
9	7	8	5	8	
1	1	4	9	5	
10	4	3	2	4	
9	8	6	7	4	
5	7	10	3	8	
9	9	2	10	8	
3	6	5	5	1	
5	1	8	1	7	
4	8	9	3	10	
6	9	8	8	3	
5	5	6	1	4	
3	3	7	9	7	
Setup times:
24	26	23	16	49	2	3	1	
5	38	14	14	5	22	19	28	
48	36	19	50	47	18	20	48	
11	30	18	42	45	16	8	50	
36	20	1	30	33	11	49	20	
25	23	1	17	1	22	35	6	
14	18	39	2	31	32	1	9	
21	20	24	20	33	15	50	22	
40	27	49	28	5	2	49	47	
7	35	6	5	46	43	3	25	
35	31	46	44	5	41	45	30	
23	26	24	34	44	24	37	50	
31	7	23	19	13	15	19	11	
34	40	37	49	4	47	39	25	
30	3	24	38	23	33	8	40	
40	29	27	2	39	33	44	42	
31	3	8	40	3	18	3	46	
7	19	32	29	3	7	49	2	
40	49	46	20	7	21	42	32	
21	16	17	11	43	30	8	14	
11	2	35	26	4	40	13	11	
24	10	10	5	31	48	38	29	
7	17	3	27	18	35	44	43	
19	7	13	5	18	27	44	41	
31	5	47	35	47	11	3	18	
17	39	20	6	48	29	15	48	
48	6	33	50	48	26	32	24	
31	27	23	15	16	16	18	19	
22	3	30	13	41	29	2	19	
18	1	46	4	43	12	47	41	
20	22	1	20	28	35	25	31	
13	4	26	16	14	50	15	17	
47	20	46	32	28	6	20	25	
1	28	14	49	29	25	28	38	
11	13	19	44	48	14	13	50	
7	29	28	12	28	16	48	39	
22	24	17	26	50	10	14	1	
10	47	49	25	12	17	49	27	
31	41	50	21	38	8	49	44	
11	43	34	13	44	2	25	41	
